0
165
7
1
2
3
4
5
6
8
10
11
12
13
14
15
16
17
18
19
20
176
93
67
68
69
28
27
29
30
31
32
33
34
35
36
37
38
197
164
46
45
44
42
40
41
43
47
48
49
50
51
52
53
54
55
57
58
59
183
269
62
63
239
180
240
117
116
65
66
70
71
72
73
74
75
76
78
79
80
77
140
202
201
200
198
86
84
82
81
83
85
91
152
92
94
96
97
98
101
104
108
107
106
105
103
102
100
99
95
21
115
114
317
237
318
238
64
118
119
120
121
122
123
124
125
126
127
128
129
130
131
132
133
134
135
259
258
257
256
255
141
142
143
144
145
147
149
150
151
25
24
39
88
158
156
155
157
192
193
87
194
195
196
162
163
166
167
168
148
169
171
172
283
282
173
174
175
177
178
179
181
182
61
184
185
310
311
186
187
188
189
190
191
159
160
9
161
89
109
111
110
208
207
209
210
211
90
26
206
205
204
221
220
218
217
215
213
212
214
216
219
222
223
224
146
227
226
225
230
234
235
236
233
232
231
229
228
170
246
247
248
244
243
22
23
251
253
254
252
250
249
241
242
245
203
139
138
137
136
266
264
263
261
260
262
265
267
268
199
56
272
273
275
277
280
281
279
278
276
274
271
270
60
285
286
287
289
290
292
294
293
291
288
284
300
299
297
296
295
298
336
309
308
307
302
301
303
304
305
306
316
315
314
312
313
112
113
320
322
324
325
326
323
321
319
154
153
327
328
329
330
331
332
333
334
335
